16
0.00000000 0.00000000 0.00000000 0.00000000 0.00000000 0.00000000 0.00000000 0.00000000 0.00000000 0.00000000 0.00000000 0.00000000 0.00000000 0.00000000 0.00000000 0.00000000 
0.00000000 0.09626953 0.02279979 0.08772422 0.12789371 0.20170109 0.25200211 0.28080000 0.33218595 0.39788740 0.45291936 0.50532597 0.54127983 0.60068077 0.64832405 0.00000000 
0.00000000 0.11304422 0.09193258 0.11536823 0.16103506 0.21411196 0.23465540 0.30523882 0.36040515 0.39322823 0.45361985 0.49932473 0.56235816 0.60348264 0.66106877 0.00000000 
0.00000000 0.16787388 0.14369277 0.14058310 0.19303565 0.23365129 0.27364233 0.32784459 0.37061093 0.41500532 0.44559588 0.52224660 0.55430781 0.62130968 0.66887512 0.00000000 
0.00000000 0.20468662 0.18898328 0.19281729 0.21308874 0.24555190 0.30998162 0.35324692 0.36984276 0.41118802 0.48218827 0.50965555 0.56700603 0.61734355 0.67309923 0.00000000 
0.00000000 0.24082512 0.25200839 0.24505069 0.25734903 0.30224165 0.33109559 0.38394698 0.40794494 0.44276180 0.51020899 0.53511727 0.60333788 0.65276415 0.67624245 0.00000000 
0.00000000 0.29037073 0.30067518 0.28340902 0.32815308 0.33428703 0.36152474 0.38855854 0.44354347 0.47132897 0.50801363 0.57564633 0.60332216 0.66785833 0.71609181 0.00000000 
0.00000000 0.35128042 0.33358046 0.34600225 0.37447591 0.37062090 0.42097043 0.42535165 0.48757952 0.50870655 0.53664432 0.58859860 0.64242390 0.69763746 0.73122464 0.00000000 
0.00000000 0.40069846 0.40509364 0.40923615 0.42159849 0.43998453 0.46650017 0.49032197 0.50314381 0.53828365 0.60004816 0.63745674 0.66613674 0.69116830 0.75663284 0.00000000 
0.00000000 0.45815013 0.45388195 0.44973306 0.45770874 0.46130226 0.51340976 0.51701525 0.54254100 0.59649958 0.61808330 0.64303050 0.68733709 0.73856399 0.77848029 0.00000000 
0.00000000 0.51263208 0.49705603 0.49010722 0.51056905 0.52464028 0.52777237 0.56331294 0.58925102 0.64096788 0.64621990 0.69744174 0.72035845 0.75583363 0.81006984 0.00000000 
0.00000000 0.55953705 0.53966953 0.54294389 0.56363756 0.55978490 0.59930075 0.59789904 0.62565900 0.67446906 0.69447138 0.72709384 0.76888254 0.81763336 0.84325678 0.00000000 
0.00000000 0.61305872 0.59871221 0.59042881 0.62064969 0.60878280 0.63090471 0.65543372 0.68587693 0.70240582 0.74937413 0.75121419 0.79628210 0.82204911 0.88148175 0.00000000 
0.00000000 0.65625996 0.64343648 0.64630489 0.65873799 0.67158228 0.68697545 0.69204194 0.73121340 0.74483623 0.76952256 0.82070300 0.82607318 0.88233438 0.90260781 0.00000000 
0.00000000 0.71058507 0.70573253 0.71518949 0.71556316 0.71257662 0.71997029 0.75432734 0.76739187 0.79060175 0.80468773 0.83235450 0.88853897 0.92698559 0.93079763 0.00000000 
0.00000000 0.00000000 0.00000000 0.00000000 0.00000000 0.00000000 0.00000000 0.00000000 0.00000000 0.00000000 0.00000000 0.00000000 0.00000000 0.00000000 0.00000000 0.00000000 
