32
0.00000000 0.00000000 0.00000000 0.00000000 0.00000000 0.00000000 0.00000000 0.00000000 0.00000000 0.00000000 0.00000000 0.00000000 0.00000000 0.00000000 0.00000000 0.00000000 0.00000000 0.00000000 0.00000000 0.00000000 0.00000000 0.00000000 0.00000000 0.00000000 0.00000000 0.00000000 0.00000000 0.00000000 0.00000000 0.00000000 0.00000000 0.00000000 
0.00000000 0.55906436 0.55807602 0.54470524 0.52347100 0.50170447 0.50351375 0.50202672 0.49116017 0.49174397 0.49615989 0.48388233 0.49445548 0.50797707 0.52558468 0.53742864 0.56169547 0.56298622 0.57668929 0.61335933 0.62889050 0.64836616 0.67565300 0.69890962 0.71907918 0.76540623 0.78106559 0.82277622 0.85034340 0.87847976 0.89349594 0.00000000 
0.00000000 0.53492145 0.52847612 0.51342873 0.48223800 0.47437384 0.45654030 0.46640450 0.45116459 0.45550419 0.45785826 0.45498890 0.47344322 0.46540741 0.49611247 0.50539378 0.52415886 0.54622829 0.56844066 0.58644678 0.60389825 0.62320680 0.66564790 0.68892655 0.70877807 0.74737845 0.76722063 0.80169318 0.83058858 0.85082481 0.88540906 0.00000000 
0.00000000 0.52047820 0.49522492 0.46932551 0.46405489 0.45247006 0.43854041 0.43204737 0.42488146 0.41095732 0.42202102 0.42630271 0.43469429 0.44521119 0.46136426 0.47223979 0.48348363 0.50760705 0.52694209 0.54460166 0.56913963 0.61143161 0.62732086 0.64683221 0.68850045 0.72414667 0.75626653 0.76649023 0.80893172 0.84174107 0.86783509 0.00000000 
0.00000000 0.47468927 0.46463867 0.43505092 0.42627640 0.40932816 0.39030904 0.38666059 0.38122092 0.37202560 0.38640641 0.38175835 0.40298131 0.40670316 0.43214854 0.44130525 0.47070234 0.47133927 0.51487988 0.52200663 0.54624352 0.59362399 0.62064675 0.63709407 0.67876497 0.69678234 0.72208923 0.76789942 0.79220286 0.83066372 0.85562355 0.00000000 
0.00000000 0.44776674 0.42433408 0.40781440 0.39161577 0.38304235 0.37142977 0.35644989 0.34105178 0.34062640 0.35141509 0.36252074 0.36375964 0.37648962 0.38837702 0.40782195 0.44439309 0.44790902 0.47720719 0.51440711 0.52970334 0.56112101 0.59697563 0.61450731 0.63638694 0.68646660 0.71846596 0.73707547 0.77916627 0.80570621 0.83253305 0.00000000 
0.00000000 0.42918289 0.41203675 0.38302505 0.37083662 0.33828945 0.32519627 0.32326988 0.31909443 0.30832333 0.32180044 0.32089940 0.32795078 0.34489372 0.35186829 0.38781178 0.41368019 0.41789825 0.46538303 0.47590438 0.52036908 0.53476198 0.57631217 0.60553661 0.63466472 0.66957198 0.69571632 0.72720327 0.75070448 0.78811186 0.81513359 0.00000000 
0.00000000 0.40630382 0.38953694 0.36610115 0.32227724 0.31984255 0.28961278 0.28138462 0.27551815 0.28264869 0.28306434 0.28332457 0.29954252 0.30636439 0.34331187 0.35859397 0.38898124 0.41122630 0.43665109 0.46802589 0.50209916 0.52219566 0.54171847 0.58932207 0.61036488 0.65333631 0.68191731 0.72186196 0.74199312 0.78547584 0.80803851 0.00000000 
0.00000000 0.38432714 0.35279868 0.32391369 0.30526558 0.28284979 0.25453703 0.25494333 0.24792836 0.23713276 0.24521657 0.25316138 0.27432522 0.27701990 0.31152096 0.33569360 0.36383699 0.38593356 0.41141368 0.44162739 0.46994856 0.50272054 0.52530154 0.56784251 0.59457137 0.63112206 0.66207920 0.70855596 0.73031778 0.77163170 0.80627454 0.00000000 
0.00000000 0.36936647 0.32849579 0.29746822 0.26827149 0.26298552 0.23827051 0.20901037 0.20633362 0.20093977 0.20814193 0.20887230 0.24624294 0.25236158 0.27386725 0.31034760 0.32391906 0.35336566 0.38861355 0.42666888 0.45890910 0.49362809 0.51141733 0.55888881 0.58196400 0.61780181 0.64695100 0.69077176 0.71794137 0.75785995 0.78770727 0.00000000 
0.00000000 0.33485740 0.30998549 0.28787464 0.24949443 0.22656515 0.20468472 0.19591016 0.17277060 0.17463594 0.16854911 0.19833234 0.21704661 0.22242997 0.25177519 0.27730241 0.32411537 0.34403957 0.37312093 0.40314119 0.43223910 0.48596533 0.51939984 0.53510911 0.58083526 0.60516764 0.64556923 0.68688912 0.72126846 0.75511955 0.78122690 0.00000000 
0.00000000 0.32348513 0.30685488 0.27165105 0.24369841 0.19702231 0.16998950 0.15156256 0.12892154 0.13402386 0.13251747 0.15121718 0.18092391 0.19642314 0.23522338 0.27559581 0.29394252 0.32852992 0.36045121 0.40099729 0.43429444 0.46345747 0.50239710 0.53631078 0.56993571 0.59943262 0.64501540 0.66420480 0.70073947 0.74625751 0.78540355 0.00000000 
0.00000000 0.32119046 0.29420911 0.25859618 0.21480737 0.19288763 0.16736084 0.12808160 0.09692727 0.10595714 0.09672461 0.12211133 0.14987518 0.18920184 0.21472382 0.25688949 0.28529147 0.32263662 0.34587624 0.39553244 0.41901377 0.46334095 0.48773733 0.53656678 0.56026311 0.60423797 0.62816716 0.66263240 0.71132411 0.73708180 0.78177467 0.00000000 
0.00000000 0.31960907 0.26836888 0.25017072 0.21158212 0.17134065 0.14294105 0.11064314 0.08796770 0.06590719 0.08081711 0.11699382 0.14866152 0.17981261 0.20719175 0.23601911 0.27724148 0.32143146 0.35394478 0.38496966 0.42355214 0.44607005 0.48635787 0.51525844 0.55124170 0.59990653 0.63740311 0.66282282 0.69196562 0.74247011 0.77775985 0.00000000 
0.00000000 0.30155114 0.27921927 0.22915584 0.21168528 0.16742962 0.13057032 0.09922983 0.05430296 0.02302145 0.05767152 0.10038779 0.12527365 0.16092140 0.20181515 0.23993066 0.27051881 0.31698748 0.34530479 0.37380508 0.41656099 0.44817709 0.48303333 0.51249596 0.55618407 0.59171779 0.63384680 0.66172607 0.70583763 0.72420482 0.76661786 0.00000000 
0.00000000 0.31988127 0.26906174 0.23638071 0.21627705 0.16442601 0.14470248 0.10314916 0.08386711 0.06872066 0.08053902 0.11863025 0.13922193 0.17734533 0.19897472 0.25071931 0.27227810 0.31040927 0.35395858 0.38847622 0.41923439 0.45125378 0.48199804 0.53164321 0.55751596 0.59717784 0.62792253 0.66110681 0.69293135 0.73293920 0.76711987 0.00000000 
0.00000000 0.32095236 0.28129646 0.25116903 0.22558722 0.18012210 0.15793470 0.12913233 0.10829638 0.09208577 0.10296635 0.11840970 0.14869632 0.19302458 0.22424612 0.24641158 0.28881966 0.33002877 0.35742455 0.38812841 0.42924181 0.45292559 0.50131277 0.51756472 0.55697960 0.59549997 0.63678035 0.67145416 0.70779348 0.74543579 0.76561942 0.00000000 
0.00000000 0.32240202 0.29758186 0.26506973 0.23814882 0.20053594 0.18377879 0.14859538 0.14619753 0.12654720 0.13790294 0.14583135 0.17317119 0.20804487 0.24286478 0.27748206 0.30581655 0.32977901 0.37431951 0.39763853 0.44141757 0.47143147 0.50591389 0.54274608 0.57509111 0.59369438 0.63450934 0.67369830 0.71287210 0.73468681 0.77658736 0.00000000 
0.00000000 0.35508643 0.30877026 0.29556548 0.25280386 0.23945178 0.19967674 0.17639707 0.16429052 0.15848530 0.16811090 0.18642495 0.19538704 0.22939146 0.24472954 0.29355347 0.31360594 0.35455551 0.37343035 0.40828006 0.44036174 0.47158594 0.50342432 0.53677863 0.57139004 0.60171332 0.64056009 0.68174801 0.71695128 0.73942589 0.78816201 0.00000000 
0.00000000 0.35332186 0.34537991 0.29355165 0.26897013 0.25244126 0.24550451 0.21483295 0.20624881 0.21209296 0.20429041 0.22295576 0.23460954 0.25332767 0.27127385 0.30631867 0.32814366 0.36648073 0.39134537 0.42747294 0.44680673 0.49637946 0.53169023 0.55084346 0.57784777 0.61469704 0.65322753 0.68557182 0.72969757 0.74764415 0.78950422 0.00000000 
0.00000000 0.38465404 0.34787863 0.32741383 0.30781260 0.27881294 0.27286500 0.25216656 0.24460615 0.23297396 0.24261075 0.26183250 0.27528734 0.29610371 0.30167948 0.31852777 0.35584836 0.38617842 0.41705191 0.45238469 0.46655662 0.51113776 0.54213224 0.56122742 0.59276331 0.64144603 0.66510754 0.70223415 0.72723263 0.76205794 0.80510658 0.00000000 
0.00000000 0.41010476 0.38896573 0.36599546 0.32389713 0.31343684 0.29108149 0.29428336 0.28712305 0.27934869 0.26932100 0.28541273 0.30395886 0.30215242 0.33314326 0.34557835 0.36874158 0.39300647 0.43846944 0.46806526 0.50143696 0.50854592 0.55405197 0.58863076 0.60843925 0.65378220 0.68221895 0.71679944 0.74363334 0.78693476 0.80072871 0.00000000 
0.00000000 0.42190740 0.40809678 0.39354530 0.35354215 0.35052783 0.32829993 0.31576753 0.31470434 0.30696490 0.30508279 0.32478074 0.33959718 0.35498180 0.36901500 0.38010068 0.39339292 0.43775911 0.45261924 0.48879548 0.51332157 0.53571135 0.57576205 0.59322432 0.62111775 0.65063114 0.68324655 0.73184998 0.76422395 0.79141822 0.82771256 0.00000000 
0.00000000 0.46366755 0.43883264 0.40728709 0.39955288 0.38584075 0.35353072 0.34669617 0.34144868 0.34757921 0.34850872 0.35089834 0.36222359 0.37624472 0.38798519 0.40424438 0.44145681 0.45061318 0.46774712 0.49912641 0.52158491 0.56361067 0.59129900 0.62671494 0.65765973 0.68415581 0.71913954 0.72850575 0.77306683 0.80913046 0.83776365 0.00000000 
0.00000000 0.47592527 0.46219764 0.43690993 0.42585808 0.40530452 0.39046063 0.39067640 0.38222792 0.37806135 0.37841709 0.37921820 0.40368514 0.41510882 0.42546128 0.43137088 0.47196842 0.48013587 0.50273610 0.54156662 0.55955350 0.58148136 0.61280695 0.63273285 0.66328336 0.69770245 0.71566139 0.75190940 0.78949801 0.82177394 0.83938491 0.00000000 
0.00000000 0.50076547 0.49865117 0.47334567 0.45434463 0.44036942 0.43944466 0.42539246 0.40839294 0.41295000 0.40847002 0.41975844 0.43047415 0.45006936 0.44685279 0.46073915 0.50077440 0.49950795 0.53071138 0.55107020 0.56827339 0.59584852 0.63981725 0.66376045 0.68544134 0.70832375 0.73915396 0.77483247 0.80493921 0.84364161 0.85736559 0.00000000 
0.00000000 0.53881089 0.53079062 0.51366705 0.47760831 0.47249291 0.46210875 0.46622400 0.44275457 0.44862804 0.44897664 0.44822983 0.47101009 0.48219614 0.49756783 0.51246597 0.52835313 0.54747343 0.57102295 0.57640898 0.59704333 0.61725220 0.65302556 0.66927861 0.71374614 0.74539302 0.75794877 0.80553226 0.82016859 0.85859596 0.89104029 0.00000000 
0.00000000 0.56753044 0.54344679 0.54008393 0.51831254 0.50298766 0.49056750 0.49730236 0.48107128 0.47826352 0.48108102 0.49194504 0.49189210 0.51871096 0.51607960 0.52450413 0.55888196 0.55972694 0.59807139 0.61639460 0.62940667 0.64445482 0.68698689 0.71339264 0.72113827 0.75852410 0.79096036 0.80964049 0.84262176 0.86168657 0.89042415 0.00000000 
0.00000000 0.59328494 0.58229055 0.56001900 0.56473854 0.55132956 0.53220850 0.51831803 0.52550504 0.52255697 0.51629685 0.53327887 0.52487210 0.53865516 0.55950651 0.56414926 0.57920132 0.60099119 0.61761923 0.63190134 0.65554452 0.69173024 0.70117433 0.72115034 0.76127527 0.77975569 0.81244804 0.83449229 0.87006879 0.88387596 0.92181452 0.00000000 
0.00000000 0.63628390 0.61185729 0.58839070 0.59750825 0.57426322 0.57670688 0.55972214 0.55714869 0.55708202 0.56709454 0.56439128 0.56519966 0.56709411 0.59695312 0.59046423 0.61235972 0.62533395 0.65190000 0.67720444 0.68885948 0.69723355 0.73990771 0.76554806 0.77227276 0.80745566 0.82781351 0.86751491 0.87428129 0.90399514 0.93040929 0.00000000 
0.00000000 0.66287064 0.65516262 0.63139944 0.62246216 0.61832746 0.60993698 0.59659346 0.58816840 0.58792071 0.58421351 0.59124567 0.61149282 0.60821631 0.61562349 0.64046039 0.64560691 0.66608741 0.66969056 0.68789418 0.71902136 0.74213345 0.75087558 0.78064660 0.80875674 0.82733359 0.84446619 0.86911712 0.90272961 0.92604761 0.95417455 0.00000000 
0.00000000 0.00000000 0.00000000 0.00000000 0.00000000 0.00000000 0.00000000 0.00000000 0.00000000 0.00000000 0.00000000 0.00000000 0.00000000 0.00000000 0.00000000 0.00000000 0.00000000 0.00000000 0.00000000 0.00000000 0.00000000 0.00000000 0.00000000 0.00000000 0.00000000 0.00000000 0.00000000 0.00000000 0.00000000 0.00000000 0.00000000 0.00000000 
